22:22:01 11/15/16 CST
Epoch:1 train error rate:1.15691824207
Epoch:1 train time:101.856858015 s
22:23:41 11/15/16 CST
Epoch:2 train error rate:0.927191848672
Epoch:2 train time:99.082324028 s
